0
0
0
0
0
0
0
0
0
0
0
0
0
0
0
0
0
0
0
0
0
0
0
0
0
0
0
0
0
0
0
0
0
0
0
0
0
0
0
0
0
0
0
0
0
0
0
0
0
0
0
0
0
0
0
0
0
0
0
0
0
0
0
0
0
0
0
0
0
0
0
0
0
0
0
0
0
0
0
0
0
0
0
0
0
0
0
0
0
0
0
0
0
0
0
0
0
0
0
0
0
0
0
0
0
0
0
0
0
0
0
0
0
0
0
0
0
0
0
0
0
0
0
0
0
0
0
0
0
0
0
0
0
0
0
0
0
0
0
0
0
0
0
0
0
0
0
0
0
0
0
0
0
0
0
0
0
0
0
0
0
0
0
0
0
0
0
0
0
0
0
0
0
0
0
0
0
0
0
0
0
0
0
0
0
0
0
0
0
0
0
0
0
0
0
0
0
0
0
0
0
0
0
0
0
0
0
0
0
0
0
0
0
0
0
0
0
0
0
0
0
0
0
0
0
0
0
0
0
0
0
0
0
0
0
0
0
0
0
0
0
0
0
0
0
0
0
0
0
0
0
0
0
0
0
0
0
0
0
0
0
0
0
0
0
0
0
0
0
0
0
0
0
0
0
0
0
0
0
0
0
0
0
0
0
0
0
0
0
0
0
0
0
0
0
2
1
1
2
3
3
3
6
6
15
14
22
22
37
39
50
65
92
116
147
182
219
282
334
422
471
607
689
817
1046
1157
1303
1525
1702
2002
2320
2678
2951
3355
3654
4153
4494
5125
5508
5930
6520
7073
7625
8076
8372
9146
9493
10170
10479
10949
11474
11725
11802
12159
12620
12943
13106
13065
13369
13682
13532
13782
13850
14029
14281
14372
14528
14426
14714
15015
15237
15369
15793
16254
16392
16798
17486
17680
18245
18738
19267
19663
20446
20853
21504
21779
22600
22817
23470
23619
24087
24157
24213
24434
24519
24139
23967
24159
24061
23829
23340
22684
22237
21668
21328
20606
20471
19432
19007
18418
18017
17556
17172
16664
16091
15838
15564
15294
14983
14765
14523
14334
14187
14001
14066
13953
13752
13802
13743
13538
13302
13092
12797
12883
12366
12045
12053
11670
11516
11053
10643
10167
9588
9150
8838
8147
7665
7259
6567
6134
5666
5218
4758
4338
4144
3574
3136
2789
2514
2271
1921
1714
1489
1314
1126
940
787
653
547
503
405
329
262
219
190
155
115
106
89
64
51
46
33
32
22
10
8
8
8
10
8
4
3
1
0
1
2
2
0
3
1
0
1
0
0
0
0
0
0
0
0
0
0
0
0
0
0
0
0
0
0
0
0
0
0
0
0
0
0
2
1
4
1
3
1
9
2
7
12
14
21
30
40
53
80
99
123
178
233
293
378
442
498
683
824
973
1208
1383
1666
2013
2494
2719
3137
3640
4188
4594
5349
5854
6573
7290
8262
9117
9898
10848
11583
12796
13576
14433
15442
16482
17557
18643
19442
20230
21268
21937
22775
23755
24697
24831
25870
26438
26686
27211
27670
27715
28864
28924
29150
29238
29339
29461
29470
29500
30043
30038
30141
30143
30230
30125
29998
30476
30012
30131
29543
29812
29598
29362
29123
28696
28780
28000
27948
27353
26461
25765
25227
24551
23700
22636
21736
20961
19826
18941
17771
16771
15824
14598
13611
12593
11497
10827
9896
9004
8025
7176
6514
5577
5142
4529
3911
3514
3014
2573
2199
1936
1611
1357
1123
924
752
652
507
408
372
261
235
176
126
94
73
75
62
51
34
20
17
14
10
6
3
2
3
1
0
0
2
0
0
0
0
0
0
0
0
0
0
0
0
0
0
0
0
0
0
0
0
0
0
0
0
0
0
0
0
0
0
0
0
0
0
0
0
0
0
0
0
0
0
0
0
0
0
0
0
0
0
0
0
0
0
0
0
0
0
0
0
0
0
0
0
0
0
0
0
0
0
0
0
0
0
0
0
0
0
0
0
0
0
0
0
0
0
0
0
0
0
0
0
0
0
0
0
0
0
0
0
0
0
0
0
0
0
0
0
0
0
0
0
0
0
0
0
0
0
0
0
0
0
0
0
0
0
0
0
0
0
0
0
0
0
0
0
0
0
0
0
0
0
0
0
0
0
0
0
0
0
0
0
0
0
0
0
0
0
0
0
0
0
0
0
0
0
0
0
0
0
0
0
0
0
0
0
0
0
0
0
0
0
0
0
0
0
0
0
0
0
0
0
0
0
0
0
0
0
0
0
0
0
0
0
0
0
0
0
0
0
0
0
0
0
0
0
0
0
0
0
0
0
0
0
0
0
0
0
0
0
0
0
0
0
0
0
0
0
0
0
0
0
0
0
0
0
0
0
0
0
0
0
0
0
0
0
0
0
0
0
0
0
0
0
0
0
0
0
0
0
0
0
0
0
0
0
0
0
0
0
0
0
0
0
0
0
0
0
0
0
0
0
0
0
0
0
0
0
0
0
0
0
0
0
0
0
0
0
0
0
0
0
0
