-0.0483309
-0.0483171
-0.0483068
-0.0482964
-0.0482826
-0.0482861
-0.0482999
-0.048324
-0.0483551
-0.0483758
-0.0483862
-0.0483931
-0.0483965
-0.0484069
-0.0484173
-0.0484276
-0.0484242
-0.0483965
-0.0483551
-0.0482999
-0.0482446
-0.0482032
-0.0481721
-0.0481583
-0.0481548
-0.0481479
-0.048141
-0.0481307
-0.0481307
-0.0481514
-0.0481825
-0.0482274
-0.0482688
-0.048293
-0.0482999
-0.048293
-0.048293
-0.0483102
-0.0483344
-0.048362
-0.0483793
-0.0483655
-0.0483206
-0.0482515
-0.048179
-0.0481272
-0.0480858
-0.0480616
-0.0480478
-0.0480306
-0.0480202
-0.0480098
-0.0480133
-0.0480409
-0.048072
-0.0481134
-0.048141
-0.0481514
-0.0481514
-0.0481341
-0.0481134
-0.0480927
-0.0480616
-0.0480271
-0.0479822
-0.0479339
-0.0478959
-0.0478717
-0.0478717
-0.0478959
-0.0479235
-0.0479511
-0.0479684
-0.0479684
-0.0479753
-0.0479857
-0.0480202
-0.0480858
-0.0481618
-0.0482481
-0.0483102
-0.0483309
-0.048324
-0.0482757
-0.048217
-0.0481583
-0.0480996
-0.0480582
-0.0480098
-0.0479615
-0.0479235
-0.0478924
-0.0478924
-0.0479304
-0.0479891
-0.0480685
-0.0481341
-0.048179
-0.0482135
-0.0482274
-0.0482515
-0.0482826
-0.0483068
-0.0483309
-0.0483275
-0.0483068
-0.0482791
-0.0482515
-0.0482515
-0.0482791
-0.0483206
-0.0483758
-0.0484103
-0.0484311
-0.0484414
-0.0484345
-0.0484414
-0.0484587
-0.0484829
-0.0485208
-0.0485519
-0.0485761
-0.0485968
-0.0486072
-0.0486244
-0.0486451
-0.0486555
-0.0486624
-0.0486451
-0.0486141
-0.0485795
-0.048545
-0.0485416
-0.0485623
-0.0486072
-0.0486728
-0.0487349
-0.0487901
-0.0488385
-0.0488799
-0.0489421
-0.0490249
-0.0491182
-0.0492183
-0.0492977
-0.0493495
-0.0493737
-0.0493737
-0.0493702
-0.0493771
-0.0493737
-0.0493771
-0.0493598
-0.0493322
-0.0493011
-0.0492632
-0.0492494
-0.0492494
-0.0492494
-0.0492597
-0.0492494
-0.0492286
-0.0492114
-0.0491941
-0.0491976
-0.0492148
-0.0492355
-0.0492528
-0.0492459
-0.0492183
-0.0491768
-0.0491216
-0.0490767
-0.0490422
-0.0490111
-0.0489904
-0.0489524
-0.0489006
-0.0488523
-0.0487971
-0.0487625
-0.0487487
-0.0487522
-0.0487729
-0.0487867
-0.0487867
-0.0487867
-0.0487763
-0.0487763
-0.0487798
-0.0487763
-0.0487694
-0.0487314
-0.0486762
-0.0486106
-0.0485416
-0.0484967
-0.048469
-0.0484518
-0.0484483
-0.0484345
-0.0484138
-0.0483931
-0.0483689
-0.048362
-0.0483758
-0.0483965
-0.0484345
-0.0484587
-0.0484759
-0.0484932
-0.048507
-0.0485312
-0.0485623
-0.0485864
-0.0486002
-0.0485933
-0.0485623
-0.0485243
-0.0484794
-0.0484587
-0.0484518
-0.0484621
-0.0484863
-0.0485036
-0.0485243
-0.048545
-0.0485726
-0.0486175
-0.0486831
-0.0487591
-0.0488385
-0.0489006
-0.0489455
-0.04898
-0.0490042
-0.0490456
-0.049094
-0.0491423
-0.0491838
-0.0491976
-0.0491803
-0.0491423
-0.0490871
-0.0490422
-0.0490111
-0.0489904
-0.0489904
-0.0489869
-0.0489869
-0.0479891
-0.0479615
-0.0479442
-0.0479235
-0.0479063
-0.0479028
-0.0479166
-0.0479408
-0.0479684
-0.0479926
-0.0480167
-0.0480306
-0.0480478
-0.048072
-0.0480996
-0.0481203
-0.0481307
-0.0481238
-0.0480996
-0.0480616
-0.0480271
-0.0480098
-0.0480064
-0.0480236
-0.0480478
-0.048072
-0.0480962
-0.04811
-0.0481341
-0.0481756
-0.0482343
-0.0483102
-0.0483827
-0.048438
-0.0484759
-0.0484898
-0.0485036
-0.0485243
-0.0485519
-0.0485864
-0.0486037
-0.0485933
-0.0485519
-0.0484759
-0.0483931
-0.0483206
-0.048255
-0.0482101
-0.0481756
-0.0481479
-0.0481341
-0.0481307
-0.0481514
-0.0481963
-0.048255
-0.0483275
-0.0483931
-0.0484449
-0.0484898
-0.0485174
-0.0485381
-0.0485588
-0.0485657
-0.0485692
-0.0485554
-0.0485277
-0.0485036
-0.0484794
-0.0484725
-0.0484794
-0.0484863
-0.0484898
-0.0484725
-0.048438
-0.0484034
-0.0483655
-0.0483517
-0.0483689
-0.0484069
-0.0484621
-0.0485105
-0.0485346
-0.0485346
-0.048507
-0.0484725
-0.0484449
-0.0484207
-0.0484173
-0.0484103
-0.0484034
-0.0484
-0.0483965
-0.0484173
-0.0484656
-0.0485243
-0.0486002
-0.0486589
-0.0486866
-0.0487004
-0.04869
-0.0486831
-0.0486797
-0.0486693
-0.0486624
-0.0486313
-0.0485864
-0.0485381
-0.0484863
-0.0484656
-0.0484725
-0.0484967
-0.0485416
-0.0485761
-0.0485968
-0.0486141
-0.0486141
-0.0486244
-0.0486417
-0.0486589
-0.0486866
-0.0487038
-0.0487107
-0.0487245
-0.0487245
-0.0487349
-0.0487522
-0.0487591
-0.0487729
-0.048766
-0.0487556
-0.0487487
-0.0487418
-0.048766
-0.0488212
-0.0488937
-0.0489939
-0.0490836
-0.049163
-0.0492321
-0.0492873
-0.0493529
-0.0494323
-0.0495152
-0.049605
-0.0496706
-0.0497017
-0.0497051
-0.0496671
-0.0496188
-0.0495636
-0.0495014
-0.0494462
-0.0493702
-0.0492873
-0.0492079
-0.0491216
-0.0490595
-0.0490111
-0.0489628
-0.0489213
-0.0488592
-0.0487798
-0.04869
-0.0485864
-0.0484967
-0.0484069
-0.0482999
-0.048179
-0.0480133
-0.047813
-0.0475921
-0.0473366
-0.0470742
-0.0468014
-0.046501
-0.0461764
-0.0458174
-0.0454169
-0.0449922
-0.0445399
-0.0440599
-0.0435524
-0.0430138
-0.0424441
-0.0418606
-0.0412667
-0.040659
-0.0400306
-0.0393574
-0.0386288
-0.0378313
-0.0369646
-0.0360462
-0.0350829
-0.0340747
-0.0330286
-0.031941
-0.0308188
-0.0296829
-0.0285366
-0.0273627
-0.0261542
-0.0248905
-0.0235682
-0.0222078
-0.020806
-0.0193766
-0.0179333
-0.0164867
-0.0150503
-0.0136244
-0.0121811
-0.010693
-0.00914966
-0.00755106
-0.00592829
-0.00429171
-0.00264477
-0.000987473
0.000669824
0.00232022
0.0039568
0.0055623
0.00715055
0.00872843
0.0102821
0.0118048
0.0132825
0.0147189
0.0161379
0.0175535
0.0189691
0.0203882
0.0217866
0.0231469
0.0244762
0.0257606
0.0269967
0.0281913
0.0293376
0.0304425
0.0315266
0.032597
0.0336604
0.0347169
0.0357527
0.0367575
0.0377104
0.0386012
0.0394506
-0.02767
-0.0264615
-0.0252254
-0.0239307
-0.0225772
-0.0211789
-0.0197495
-0.0182993
-0.0168492
-0.0154025
-0.0139627
-0.012516
-0.0110314
-0.00949493
-0.00791014
-0.00628737
-0.00465079
-0.00301076
-0.00135691
0.000303838
0.00197149
0.0036357
0.00528609
0.00691922
0.00853508
0.0101268
0.0116805
0.0131962
0.0146843
0.0161552
0.0176191
0.0190796
0.0205263
0.0219557
0.0233541
0.0247248
0.0260541
0.0273316
0.0285469
0.029714
0.0308464
0.0319582
0.0330631
0.0341541
0.0352314
0.0362879
0.0373168
0.0383043
0.03924
0.0401066
0.0409214
0.0416845
0.042413
0.0431139
0.0437734
0.0443949
0.044968
0.0454963
0.0459969
0.0464734
0.0469429
0.0474125
0.0478717
0.0483137
0.0487142
0.0490595
0.0493357
0.0495463
0.0497086
0.0498329
0.0499399
0.0500297
0.0501056
0.0501643
0.0501885
0.050185
0.0501505
0.0500953
0.0500262
0.0499468
0.0498605
0.0497707
0.0496913
0.0496292
0.0495981
0.0495912
0.0495877
0.0495774
0.0495325
0.0494462
0.0493288
0.0491872
0.0490215
0.0488454
0.0486486
0.0484345
0.0482135
0.0479926
0.0477854
0.0475921
0.0474091
0.0472468
0.0470949
0.0469602
0.0468394
0.0467254
0.0466115
0.0464976
0.0463733
0.0462559
0.046135
0.0460245
0.045914
0.045807
0.0457103
0.0456206
0.045555
0.0455135
0.0454859
0.0454686
0.0454479
0.0454065
0.0453754
0.0453513
0.0453547
0.0453996
0.0454617
0.0455446
0.0456275
0.0457
0.0457828
0.0458692
0.0459555
0.0460487
0.0461178
0.0461695
0.0462041
0.0462317
0.0462697
0.0463249
0.0463905
0.0464596
0.0465217
0.046577
0.0466322
0.0466909
0.0467772
0.0468946
0.0470327
0.0471915
0.0473573
0.0475161
0.0476749
0.0478268
0.0479788
0.0481307
0.0482722
0.0484103
0.048545
0.0486762
0.048804
0.0489179
0.0490146
0.049094
0.0491492
0.0491941
0.0492286
0.0492666
0.049315
0.0493702
0.0494254
0.0494807
0.0495221
0.0495428
0.0495394
0.0495049
0.0494565
0.0493944
0.0493219
0.0492321
0.0491147
0.0489593
0.0487487
0.0484863
0.0481859
0.047851
0.0475057
0.0471398
0.0467565
0.046356
0.0459279
0.045479
0.0450025
0.0445053
0.0439805
0.0434143
0.0427997
0.0421126
0.0413496
0.0405209
0.0396301
0.0386979
0.0377242
0.0367091
0.0356423
0.0345339
0.0333738
0.0321619
0.0309051
0.0295897
0.0281982
0.0267481
0.0252324
0.0236752
0.0221215
0.0205885
0.0190865
0.0176053
0.0161034
0.0145635
0.0129649
0.0113145
0.00962268
0.00788597
0.00610783
0.0042779
0.00237546
0.000417777
-0.00157789
-0.00357355
-0.00551397
-0.00738188
-0.00917038
-0.0109105
-0.0126438
-0.0143978
-0.0161759
-0.0179575
-0.0197115
-0.0214171
-0.0230606
-0.0246592
-0.0262302
-0.0277735
-0.0292824
-0.0307429
-0.0321447
-0.0334947
-0.0348102
-0.036098
-0.0277356
-0.0265444
-0.0253187
-0.0240412
-0.022705
-0.0213308
-0.0199221
-0.0184927
-0.0170598
-0.0156373
-0.0142251
-0.0128095
-0.0113594
-0.00985747
-0.0083003
-0.0067017
-0.00508238
-0.0034527
-0.00181267
-0.000155372
0.00150193
0.00315922
0.00479926
0.00641857
0.00802063
0.00959851
0.0111453
0.0126611
0.0141388
0.015589
0.0170287
0.0184581
0.0198841
0.0212997
0.0226946
0.0240688
0.0254084
0.0266998
0.0279427
0.0291408
0.0302975
0.0314369
0.0325659
0.033688
0.0348032
0.0359047
0.0369784
0.0380212
0.0390017
0.0399132
0.0407661
0.0415533
0.0423025
0.0430138
0.0436801
0.0443016
0.0448713
0.0453892
0.0458726
0.0463318
0.0467807
0.0472295
0.0476715
0.0480996
0.0484967
0.0488488
0.0491458
0.0493875
0.0495843
0.0497465
0.0498916
0.0500262
0.0501505
0.0502575
0.0503335
0.0503784
0.0503922
0.0503784
0.0503439
0.0502955
0.0502196
0.0501332
0.0500435
0.0499537
0.0498881
0.0498363
0.0497914
0.0497362
0.0496499
0.0495256
0.0493737
0.0491976
0.0490042
0.048804
0.0485864
0.048362
0.048141
0.047927
0.0477302
0.0475506
0.0473883
0.0472433
0.0471052
0.0469878
0.0468877
0.046791
0.0467047
0.046608
0.0465079
0.0464043
0.0462904
0.0461834
0.0460694
0.045952
0.0458415
0.0457414
0.0456654
0.0456171
0.045586
0.0455757
0.0455584
0.0455308
0.0455066
0.0454894
0.0454963
0.0455412
0.0456068
0.0456896
0.045769
0.0458312
0.0459002
0.0459589
0.0460211
0.0460798
0.0461143
0.046135
0.0461385
0.046135
0.0461454
0.046173
0.046211
0.0462628
0.0463077
0.0463491
0.046394
0.0464458
0.0465252
0.0466391
0.0467807
0.0469533
0.0471363
0.0473158
0.0474954
0.0476646
0.0478268
0.0479822
0.0481203
0.0482481
0.0483689
0.0484794
0.0485864
0.0486728
0.0487453
0.0488005
0.048835
0.0488592
0.0488834
0.048911
0.0489593
0.0490249
0.0491078
0.0491976
0.0492839
0.0493598
0.049422
0.0494738
0.049529
0.0495808
0.0496464
0.0497189
0.0497776
0.049826
0.0498363
0.0498191
0.049788
0.0497569
0.0497396
0.0497327
0.0497327
0.0497362
0.0497258
0.049712
0.0497017
0.0497017
0.0497155
0.0497396
0.0497569
0.0497673
0.0497569
0.0497224
0.049674
0.0496153
0.0495566
0.0495049
0.0494565
0.0494116
0.0493633
0.0492977
0.0492252
0.0491423
0.0490629
0.0489904
0.0489317
0.0488903
0.0488592
0.0488419
0.048835
0.048835
0.0488419
0.0488592
0.048873
0.0488834
0.0488834
0.048873
0.0488523
0.0488212
0.0487867
0.0487487
0.0487038
0.0486589
0.0486002
0.0485381
0.0484725
0.0484103
0.048362
0.0483137
0.0482722
0.0482343
0.0481859
0.0481445
0.0481169
0.04811
0.0481341
0.0481825
0.0482412
0.0482964
0.048324
0.0483344
0.0483206
0.0482895
0.0405347
0.0396232
0.038691
0.0377173
0.0366988
0.0356319
0.0345132
0.0333428
0.0321274
0.0308672
0.0295517
0.0281672
0.026717
0.0252047
0.0236579
0.0221111
0.0205816
0.0190831
0.0176019
0.0161034
0.0145635
0.0129649
0.0113111
0.00961232
0.00787216
0.00609057
0.00425718
0.00236165
0.000410872
-0.00157098
-0.00354593
-0.00546908
-0.00731973
-0.00909097
-0.0108208
-0.0125368
-0.0142769
-0.0160447
-0.0178125
-0.0195665
-0.0212687
-0.0229121
-0.0245142
-0.0260817
-0.0276216
-0.0291374
-0.0305979
-0.0320031
-0.0333635
-0.0346789
-0.0359564
-0.0371925
-0.0383492
-0.0394402
-0.0404726
-0.0414635
-0.0424441
-0.0434039
-0.0443293
-0.0451959
-0.0459831
-0.0466978
-0.04734
-0.0479339
-0.0484829
-0.0489869
-0.0494496
-0.0498605
-0.0502368
-0.0505821
-0.0508825
-0.0511483
-0.0513521
-0.0514971
-0.0516145
-0.0517111
-0.0518147
-0.0519183
-0.0519977
-0.0520426
-0.0520322
-0.0519563
-0.0518354
-0.0516662
-0.0514591
-0.0512312
-0.0509792
-0.0507237
-0.0504682
-0.0502127
-0.0499675
-0.0497258
-0.0494979
-0.0492873
-0.0490767
-0.048873
-0.0486555
-0.0484207
-0.0481756
-0.0479201
-0.0476611
-0.0474091
-0.0471501
-0.0468946
-0.0466357
-0.0463733
-0.0461247
-0.0458864
-0.0456758
-0.0454963
-0.045334
-0.0451821
-0.0450267
-0.0448679
-0.0447125
-0.0445606
-0.0444225
-0.0443085
-0.0442015
-0.0441152
-0.0440427
-0.0439874
-0.0439564
-0.0439391
-0.0439149
-0.0438873
-0.0438424
-0.0437837
-0.0437285
-0.0436871
-0.0436629
-0.0436629
-0.0436801
-0.0437181
-0.0437768
-0.0438562
-0.0439598
-0.0440807
-0.0442119
-0.04435
-0.0445019
-0.0446642
-0.044823
-0.0449853
-0.0451303
-0.045258
-0.0453823
-0.0454859
-0.0455964
-0.0457
-0.0457897
-0.0458761
-0.0459486
-0.0460176
-0.0460936
-0.046173
-0.0462662
-0.0463698
-0.0464665
-0.0465597
-0.0466426
-0.0467151
-0.0467876
-0.0468635
-0.0469499
-0.0470431
-0.0471363
-0.047233
-0.0473089
-0.0473642
-0.0474022
-0.0474194
-0.0474436
-0.0474747
-0.0475092
-0.0475541
-0.0475748
-0.0475852
-0.0475817
-0.0475679
-0.0475782
-0.0476024
-0.0476473
-0.0477129
-0.0477647
-0.0478096
-0.047851
-0.0478752
-0.0479132
-0.0479546
-0.0479891
-0.0480202
-0.0480167
-0.0479891
-0.0479477
-0.0478993
-0.0478683
-0.0478545
-0.0478476
-0.0478545
-0.0478545
-0.047851
-0.0478441
-0.0478303
-0.0478303
-0.0478407
-0.0478545
-0.0478821
-0.0479063
-0.0479235
-0.0479339
-0.0479373
-0.0479477
-0.047958
-0.0479615
-0.0479649
-0.0479511
-0.0479201
-0.0478752
-0.0478199
-0.0477751
-0.047744
-0.0477267
-0.0477302
-0.0477302
-0.0477267
-0.0477164
-0.047706
-0.0477164
-0.0477371
-0.0477751
-0.0478199
-0.0478441
-0.047851
-0.0478407
-0.0478199
-0.0478165
-0.0478199
-0.0478337
-0.0478372
-0.0478096
-0.0477509
-0.0476611
-0.0475575
-0.0474643
-0.0473883
-0.0473297
-0.0472848
-0.0472433
-0.0472123
0.0410112
0.0401239
0.0392089
0.0382594
0.037265
0.0362223
0.0351243
0.0339746
0.0327765
0.0315404
0.0302491
0.0288922
0.0274628
0.0259643
0.0244175
0.0228603
0.0213101
0.0197909
0.0182959
0.0168009
0.0152679
0.0136796
0.0120258
0.0103132
0.0085627
0.00677766
0.00494427
0.00305909
0.00110832
-0.000883892
-0.00288646
-0.00484759
-0.00674313
-0.00855235
-0.0103029
-0.0120258
-0.013759
-0.0155164
-0.0172842
-0.0190313
-0.02073
-0.0223632
-0.0239445
-0.0254913
-0.027007
-0.0285021
-0.0299487
-0.0313367
-0.0326833
-0.0339988
-0.0352901
-0.0365538
-0.0377519
-0.0388774
-0.0399409
-0.040956
-0.0419607
-0.042962
-0.0439426
-0.0448748
-0.0457311
-0.0465079
-0.0472088
-0.0478545
-0.0484483
-0.0489939
-0.049491
-0.049933
-0.0503266
-0.0506719
-0.0509757
-0.0512347
-0.0514315
-0.0515627
-0.0516524
-0.051718
-0.0517836
-0.0518561
-0.0519148
-0.0519459
-0.0519321
-0.0518665
-0.0517629
-0.0516283
-0.0514591
-0.0512761
-0.0510724
-0.0508618
-0.0506477
-0.0504336
-0.0502265
-0.0500228
-0.049826
-0.0496361
-0.0494462
-0.0492528
-0.0490422
-0.048804
-0.0485485
-0.0482722
-0.047996
-0.0477198
-0.0474436
-0.0471674
-0.0468912
-0.046608
-0.0463387
-0.0460832
-0.0458588
-0.0456689
-0.0454997
-0.0453443
-0.0451924
-0.0450371
-0.0448886
-0.0447505
-0.0446227
-0.0445088
-0.0443949
-0.0442913
-0.0442015
-0.044129
-0.0440772
-0.0440461
-0.0440151
-0.043984
-0.0439426
-0.0438908
-0.0438493
-0.0438252
-0.0438252
-0.0438493
-0.0438977
-0.0439702
-0.0440634
-0.0441808
-0.0443154
-0.044457
-0.0446055
-0.044747
-0.0449024
-0.0450647
-0.0452201
-0.0453789
-0.0455101
-0.0456171
-0.0457103
-0.0457725
-0.0458346
-0.0458933
-0.0459313
-0.0459589
-0.0459693
-0.0459693
-0.0459866
-0.0460142
-0.0460556
-0.0461074
-0.0461454
-0.0461764
-0.0461868
-0.0461834
-0.046173
-0.0461626
-0.0461454
-0.0461247
-0.0460901
-0.0460349
-0.045952
-0.0458277
-0.0456758
-0.0454963
-0.045296
-0.0450785
-0.0448368
-0.0445675
-0.0442533
-0.0438977
-0.0435006
-0.043069
-0.0426064
-0.0421264
-0.0416258
-0.0411079
-0.0405796
-0.0400237
-0.0394368
-0.0388118
-0.0381317
-0.0373962
-0.036609
-0.0357735
-0.0348827
-0.0339366
-0.0329388
-0.0318788
-0.0307808
-0.0296518
-0.028509
-0.0273558
-0.0261749
-0.0249423
-0.0236579
-0.0223079
-0.0209165
-0.0194905
-0.0180404
-0.0166006
-0.0151712
-0.0137487
-0.0123192
-0.0108449
-0.00931539
-0.00773751
-0.00612164
-0.00449887
-0.00286229
-0.00121535
0.000438493
0.00210615
0.00377726
0.00544491
0.00709876
0.00873534
0.0103339
0.0118946
0.0134172
0.0149191
0.0164072
0.0178954
0.0193731
0.0208302
0.0222665
0.0236752
0.0250666
0.0264235
0.0277252
0.0289647
0.0301525
0.0313091
0.0324554
0.0336052
0.034748
0.035877
0.0369819
0.0380591
0.039095
0.040079
0.0409939
0.0418606
0.0502714
0.0502506
0.050223
0.0501988
0.0501747
0.050154
0.0501367
0.0501125
0.050078
0.0500366
0.0499917
0.0499503
0.0499123
0.0498847
0.0498674
0.0498639
0.0498743
0.0498916
0.0499088
0.049933
0.0499572
0.0499779
0.0499951
0.050002
0.050002
0.0499951
0.0499813
0.0499641
0.0499399
0.0499088
0.0498743
0.0498363
0.0497983
0.0497604
0.0497224
0.0496878
0.0496464
0.049605
0.0495532
0.0495049
0.04946
0.0494323
0.0494254
0.0494393
0.0494669
0.0494945
0.0495152
0.0495118
0.049491
0.0494565
0.0494185
0.0493875
0.0493564
0.0493357
0.0493115
0.0492839
0.0492597
0.049239
0.0492355
0.0492563
0.0492942
0.0493495
0.0494185
0.049491
0.0495636
0.0496188
0.0496533
0.0496706
0.0496706
0.0496637
0.0496568
0.0496568
0.0496602
0.0496637
0.0496568
0.0496464
0.0496188
0.0495877
0.0495532
0.0495221
0.0495083
0.0495221
0.049567
0.0496499
0.0497604
0.0498881
0.0500193
0.0501436
0.0502541
0.0503439
0.0504198
0.0504785
0.0505165
0.0505338
0.0505303
0.0505096
0.050482
0.0504543
0.0504267
0.0504129
0.050406
0.0504095
0.0504198
0.050444
0.0504751
0.0505096
0.0505441
0.0505683
0.0505821
0.0505821
0.0505717
0.0505579
0.0505441
0.0505372
0.0505338
0.0505338
0.0505338
0.0505338
0.0505234
0.0505027
0.0504751
0.0504474
0.0504164
0.0503957
0.0503784
0.0503818
0.0503991
0.0504302
0.0504682
0.050513
0.050551
0.0505821
0.0506028
0.0506097
0.0505994
0.0505717
0.0505338
0.050482
0.0504267
0.0503715
0.0503093
0.0502437
0.0501712
0.0501022
0.05004
0.0499917
0.0499641
0.0499606
0.049971
0.050002
0.0500366
0.0500746
0.050116
0.0501505
0.050185
0.0502161
0.0502368
0.0502575
0.0502748
0.0502921
0.0503093
0.0503231
0.050337
0.0503404
0.0503335
0.0503231
0.0503059
0.0502886
0.0502748
0.050261
0.0502506
0.0502403
0.050223
0.0502023
0.0501678
0.050116
0.0500469
0.0499606
0.0498605
0.0497431
0.0496015
0.0494358
0.0492286
0.0489835
0.0487004
0.0483827
0.0480409
0.0476818
0.047302
0.0469084
0.0464941
0.0460625
0.0456068
0.0451303
0.0446296
0.0440945
0.0435213
0.0428895
0.0421851
0.0414083
0.0405693
0.039675
0.0387462
0.037776
0.0367471
0.0356664
0.0345305
0.0333462
0.0321343
0.0308741
0.0295448
0.0281568
0.0266894
0.0251633
0.023613
0.0220559
0.0205229
0.0190209
0.0175328
0.016024
0.0144565
0.0128268
0.0111281
0.00938445
0.00761321
0.00580399
0.00394644
0.00203019
6.21487e-005
-0.00192661
-0.0038981
-0.00581435
-0.00764428
-0.00939826
-0.0111108
-0.0128233
-0.0145566
-0.0163106
-0.018068
-0.0197909
-0.0214516
-0.0230502
-0.0246074
-0.0261335
-0.0276389
-0.0291097
-0.0305253
-0.0318961
-0.0332323
-0.0345339
0.0501988
0.0501816
0.050154
0.0501263
0.0501022
0.0500711
0.05004
0.050002
0.0499503
0.0498916
0.0498294
0.0497673
0.049712
0.0496671
0.0496361
0.0496188
0.0496153
0.0496222
0.0496395
0.0496637
0.0496878
0.049712
0.0497258
0.0497258
0.0497189
0.0496982
0.0496706
0.0496361
0.0495981
0.0495566
0.0495049
0.0494427
0.0493771
0.0493081
0.0492494
0.049201
0.0491596
0.0491251
0.0490905
0.0490526
0.0490249
0.0490111
0.0490215
0.0490629
0.0491216
0.0491941
0.0492597
0.0493046
0.0493288
0.0493253
0.049315
0.0493011
0.049277
0.0492528
0.0492183
0.0491665
0.0491112
0.0490595
0.0490215
0.0490042
0.0490042
0.0490249
0.0490595
0.0491009
0.0491527
0.049201
0.0492424
0.0492735
0.0492908
0.0493115
0.0493391
0.0493737
0.0494151
0.04946
0.0495014
0.0495394
0.0495601
0.049567
0.0495636
0.0495532
0.0495463
0.0495566
0.0495877
0.0496395
0.0497086
0.049788
0.0498674
0.0499364
0.0499951
0.0500435
0.0500746
0.0500918
0.0500953
0.0500849
0.0500642
0.0500366
0.0500055
0.0499882
0.0499813
0.0499917
0.0500159
0.0500504
0.0500918
0.0501471
0.0502092
0.0502783
0.0503473
0.0504095
0.0504578
0.0504889
0.0505027
0.0505027
0.0504992
0.0504923
0.0504889
0.050482
0.0504785
0.0504785
0.0504785
0.0504751
0.0504682
0.0504613
0.0504509
0.0504405
0.0504405
0.0504543
0.0504854
0.0505269
0.0505717
0.0506097
0.0506408
0.0506546
0.0506512
0.050627
0.0505821
0.0505165
0.0504405
0.0503542
0.0502748
0.0501988
0.0501229
0.0500435
0.0499572
0.0498674
0.0497914
0.0497362
0.0497155
0.0497293
0.0497673
0.0498225
0.0498881
0.0499537
0.0500228
0.0500849
0.0501367
0.0501781
0.0502023
0.0502161
0.0502196
0.0502127
0.0501988
0.0501816
0.0501574
0.0501298
0.0500987
0.0500607
0.0500228
0.0499917
0.0499744
0.0499675
0.0499813
0.050002
0.0500297
0.0500573
0.0500815
0.0501056
0.0501332
0.0501643
0.0502058
0.0502506
0.0502955
0.0503301
0.0503508
0.0503611
0.0503611
0.0503577
0.0503577
0.0503611
0.0503646
0.0503715
0.0503853
0.050406
0.0504405
0.050482
0.0505303
0.0505786
0.0506201
0.0506546
0.0506822
0.0506995
0.0507098
0.0507133
0.0507133
0.0507098
0.0507098
0.0507029
0.0506926
0.0506719
0.0506477
0.0506201
0.0505856
0.050551
0.0505303
0.0505199
0.0505234
0.0505407
0.0505683
0.0506028
0.0506339
0.0506684
0.050696
0.0507202
0.050734
0.0507375
0.050734
0.0507237
0.0507064
0.0506822
0.0506512
0.0506166
0.0505752
0.0505303
0.0504889
0.0504474
0.0504095
0.0503715
0.0503335
0.0502955
0.0502541
0.0502196
0.0501988
0.0501988
0.0502196
0.0502541
0.050299
0.050337
0.0503611
0.050368
0.0503577
0.050337
